30000001500
30000001501
30000001502
30000001503
30000001504
30000001505
30000001506
30000001507
30000001508
30000001509
30000001510
30000001511
30000001512
30000001513
30000001514
30000001515
30000001516
30000001517
30000001518
30000001519
30000001520
30000001521
30000001522
30000001523
30000001524
30000001525
30000001526
30000001527
30000001528
30000001529
30000001530
30000001531
30000001532
30000001533
30000001534
30000001535
30000001536
30000001537
30000001538
30000001539
30000001540
30000001541
30000001542
30000001543
30000001544
30000001545
30000001546
30000001547
30000001548
30000001549
30000001550
30000001551
30000001552
30000001553
30000001554
30000001555
30000001556
30000001557
30000001558
30000001559
30000001560
30000001561
30000001562
30000001563
30000001564
30000001565
30000001566
30000001567
30000001568
30000001569
30000001570
30000001571
30000001572
30000001573
30000001574
30000001575
30000001576
30000001577
30000001578
30000001579
30000001580
30000001581
30000001582
30000001583
30000001584
30000001585
30000001586
30000001587
30000001588
30000001589
30000001590
30000001591
30000001592
30000001593
30000001594
30000001595
30000001596
30000001597
30000001598
30000001599
30000001600
30000001601
30000001602
30000001603
30000001604
30000001605
30000001606
30000001607
30000001608
30000001609
30000001610
30000001611
30000001612
30000001613
30000001614
30000001615
30000001616
30000001617
30000001618
30000001619
30000001620
30000001621
30000001622
30000001623
30000001624
30000001625
30000001626
30000001627
30000001628
30000001629
30000001630
30000001631
30000001632
30000001633
30000001634
30000001635
30000001636
30000001637
30000001638
30000001639
30000001640
30000001641
30000001642
30000001643
30000001644
30000001645
30000001646
30000001647
30000001648
30000001649
30000001650
30000001651
30000001652
30000001653
30000001654
30000001655
30000001656
30000001657
30000001658
30000001659
30000001660
30000001661
30000001662
30000001663
30000001664
30000001665
30000001666
30000001667
30000001668
30000001669
30000001670
30000001671
30000001672
30000001673
30000001674
30000001675
30000001676
30000001677
30000001678
30000001679
30000001680
30000001681
30000001682
30000001683
30000001684
30000001685
30000001686
30000001687
30000001688
30000001689
30000001690
30000001691
30000001692
30000001693
30000001694
30000001695
30000001696
30000001697
30000001698
30000001699
30000001700
30000001701
30000001702
30000001703
30000001704
30000001705
30000001706
30000001707
30000001708
30000001709
30000001710
30000001711
30000001712
30000001713
30000001714
30000001715
30000001716
30000001717
30000001718
30000001719
30000001720
30000001721
30000001722
30000001723
30000001724
30000001725
30000001726
30000001727
30000001728
30000001729
30000001730
30000001731
30000001732
30000001733
30000001734
30000001735
30000001736
30000001737
30000001738
30000001739
30000001740
30000001741
30000001742
30000001743
30000001744
30000001745
30000001746
30000001747
30000001748
30000001749
30000001750
30000001751
30000001752
30000001753
30000001754
30000001755
30000001756
30000001757
30000001758
30000001759
30000001760
30000001761
30000001762
30000001763
30000001764
30000001765
30000001766
30000001767
30000001768
30000001769
30000001770
30000001771
30000001772
30000001773
30000001774
30000001775
30000001776
30000001777
30000001778
30000001779
30000001780
30000001781
30000001782
30000001783
30000001784
30000001785
30000001786
30000001787
30000001788
30000001789
30000001790
30000001791
30000001792
30000001793
30000001794
30000001795
30000001796
30000001797
30000001798
30000001799
30000001800
30000001801
30000001802
30000001803
30000001804
30000001805
30000001806
30000001807
30000001808
30000001809
30000001810
30000001811
30000001812
30000001813
30000001814
30000001815
30000001816
30000001817
30000001818
30000001819
30000001820
30000001821
30000001822
30000001823
30000001824
30000001825
30000001826
30000001827
30000001828
30000001829
30000001830
30000001831
30000001832
30000001833
30000001834
30000001835
30000001836
30000001837
30000001838
30000001839
30000001840
30000001841
30000001842
30000001843
30000001844
30000001845
30000001846
30000001847
30000001848
30000001849
30000001850
30000001851
30000001852
30000001853
30000001854
30000001855
30000001856
30000001857
30000001858
30000001859
30000001860
30000001861
30000001862
30000001863
30000001864
30000001865
30000001866
30000001867
30000001868
30000001869
30000001870
30000001871
30000001872
30000001873
30000001874
30000001875
30000001876
30000001877
30000001878
30000001879
30000001880
30000001881
30000001882
30000001883
30000001884
30000001885
30000001886
30000001887
30000001888
30000001889
30000001890
30000001891
30000001892
30000001893
30000001894
30000001895
30000001896
30000001897
30000001898
30000001899
30000001900
30000001901
30000001902
30000001903
30000001904
30000001905
30000001906
30000001907
30000001908
30000001909
30000001910
30000001911
30000001912
30000001913
30000001914
30000001915
30000001916
30000001917
30000001918
30000001919
30000001920
30000001921
30000001922
30000001923
30000001924
30000001925
30000001926
30000001927
30000001928
30000001929
30000001930
30000001931
30000001932
30000001933
30000001934
30000001935
30000001936
30000001937
30000001938
30000001939
30000001940
30000001941
30000001942
30000001943
30000001944
30000001945
30000001946
30000001947
30000001948
30000001949
30000001950
30000001951
30000001952
30000001953
30000001954
30000001955
30000001956
30000001957
30000001958
30000001959
30000001960
30000001961
30000001962
30000001963
30000001964
30000001965
30000001966
30000001967
30000001968
30000001969
30000001970
30000001971
30000001972
30000001973
30000001974
30000001975
30000001976
30000001977
30000001978
30000001979
30000001980
30000001981
30000001982
30000001983
30000001984
30000001985
30000001986
30000001987
30000001988
30000001989
30000001990
30000001991
30000001992
30000001993
30000001994
30000001995
30000001996
30000001997
30000001998
30000001999
30000002000
