333388230
333388229
333388228
333388227
333388226
333388225
333388224
333388223
333388222
333388221
333388220
333388219
333388218
333388217
333388216
333388215
333388214
333388213
333388212
333388211
333388210
333388209
333388208
333388207
333388206
333388205
333388204
333388203
333388202
333388201
333388200
333388199
333388198
333388197
333388196
333388195
333388194
333388193
333388192
333388191
333388190
333388189
333388188
333388187
333388186
333388185
333388184
333388183
333388182
333388181
333388180
333388179
333388178
333388177
333388176
333388175
333388174
333388173
333388172
333388222
333388171
333388170
333388169
333388168
333388167
333388166
333388165
333388164
333388163
333388162
333388161
333388160
333388159
333388158
333388157
333388156
333388155
333388154
333388153
333388152
333388151
333388223
333388150
333388149
333388148
333388147
333388146
333388145
333388144
333388143
333388142
333388141
333388140
333385099
333388139
333388138
333388137
333388136
333388135
333388134
333388133
333388132
333388131