333388230
333388229
333388228
333388227
333388226
333388225
333388224
333388223
333388222
333388221
333388220
333388219
333388218
333388217
333388216
333388215
333388214
333388213
333388212
333388211
333388210
333388209
333388208
333388207
333388206
333388205
333388204
333388203
333388202
333388201
333388200
333388199
333388198
333388197
333388196
333388195
333388194
333388193
333388192
333388191
333388190
333388189
333388188
333388187
333388186
333388185
333388184
333388183
333388182
333388181
333388180
333388179
333388178
333388177
333388176
333388175
333388174
333388173
333388172
333388171
333388170
333388169
333388168
333388167
333388166
333388165
333388164
333388163
333388162
333388161
333388160
333388159
333388158
333388157
333388156
333388155
333388154
333388153
333388152
333388151
333388150
333388149
333388148
333388147
333388146
333388145
333388144
333388143
333388142
333388141
333388140
333388139
333388138
333388137
333388136
333388135
333388134
333388133
333388132
333388131
333388130
333388129
333388128
333388127
333388126
333388125
333388124
333388123
333388122
333388121
333388120
333388119
333388118
333388117
333388116
333388115
333388114
333388113
333388112
333388111
333388110
333388109
333388108
333388107
333388106
333388105
333388104
333388103
333388102
333388101
333388100
333388099
333388098
333388097
333388096
333388095
333388094
333388093
333388092
333388091
333388090
333388089
333388088
333388087
333388086
333388085
333388084
333388083
333388082
333388081
333388080
333388079
333388078
333388077
333388076
333388075
333388074
333388073
333388072
333388071
333388070
333388069
333388068
333388067
333388066
333388065
333388064
333388063
333388062
333388061
333388060
333388059
333388058
333388057
333388056
333388055
333388054
333388053
333388052
333388051
333388050
333388049
333388048
333388047
333388046
333388045
333388044
333388043
333388042
333388041
333388040
333388039
333388038
333388037
333388036
333388035
333388034
333388033
333388032
333388031
333388030
333388029
333388028
333388027
333388026
333388025
333388024
333388023
333388022
333388021
333388020
333388019
333388018
333388017
333388016
333388015
333388014
333388013
333388012
333388011
333388010
333388009
333388008
333388007
333388006
333388005
333388004
333388003
333388002
333388001
333388000
333387999
333387998
333387997
333387996
333387995
333387994
333387993
333387992
333387991
333387990
333387989
333387988
333387987
333387986
333387985
333387984
333387983
333387982
333387981
333387980
333387979
333387978
333387977
333387976
333387975
333387974
333387973
333387972
333387971
333387970
333387969
333387968
333387967
333387966
333387965
333387964
333387963
333387962
333387961
333387960
333387959
333387958
333387957
333387956
333387955
333387954
333387953
333387952
333387951
333387950
333387949
333387948
333387947
333387946
333387945
333387944
333387943
333387942
333387941
333387940
333387939
333387938
333387937
333387936
333387935
333387934
333387933
333387932
333387931
333387930
333387929
333387928
333387927
333387926
333387925
333387924
333387923
333387922
333387921
333387920
333387919
333387918
333387917
333387916
333387915
333387914
333387913
333387912
333387911
333387910
333387909
333387908
333387907
333387906
333387905
333387904
333387903
333387902
333387901
333387900
333387899
333387898
333387897
333387896
333387895
333387894
333387893
333387892
333387891
333387890
333387889
333387888
333387887
333387886
333387885
333387884
333387883
333387882
333387881
333387880
333387879
333387878
333387877
333387876
333387875
333387874
333387873
333387872
333387871
333387870
333387869
333387868
333387867
333387866
333387865
333387864
333387863
333387862
333387861
333387860
333387859
333387858
333387857
333387856
333387855
333387854
333387853
333387852
333387851
333387850
333387849
333387848
333387847
333387846
333387845
333387844
333387843
333387842
333387841
333387840
333387839
333387838
333387837
333387836
333387835
333387834
333387833
333387832
333387831
333387830
333387829
333387828
333387827
333387826
333387825
333387824
333387823
333387822
333387821
333387820
333387819
333387818
333387817
333387816
333387815
333387814
333387813
333387812
333387811
333387810
333387809
333387808
333387807
333387806
333387805
333387804
333387803
333387802
333387801
333387800
333387799
333387798
333387797
333387796
333387795
333387794
333387793
333387792
333387791
333387790
333387789
333387788
333387787
333387786
333387785
333387784
333387783
333387782
333387781
333387780
333387779
333387778
333387777
333387776
333387775
333387774
333387773
333387772
333387771
333387770
333387769
333387768
333387767
333387766
333387765
333387764
333387763
333387762
333387761
333387760
333387759
333387758
333387757
333387756
333387755
333387754
333387753
333387752
333387751
333387750
333387749
333385099
333387748
333387747
333387746
333387745
333387744
333387743
333387742
333387741
333387740
333387739
333387738
333388223
333387737
333387736
333388222
333387735
333387734
333387733
333387732
333387731