333384956
333384955
333384954
333384953
333384952
333384951
333384950
333384949
333384948
333384947
333384946
333384945
333384944
333384943
333384942
333384941
333384940
333384939
333384938
333384937
333384936
333384935
333384934
333384933
333384932
333384931
333384930
333384929
333384928
333384927
333384926
333384925
333384924
333384923
333384922
333384921
333384920
333384919
333384918
333384917
333384916
333384915
333384914
333384913
333384912
333384911
333384910
333384909
333384908
333384907
333384906
333384905
333384904
333384903
333384902
333384901
333384900
333384899
333384898
333384897
333384896
333384895
333384894
333384893
333384892
333384891
333384890
333384889
333384888
333384887
333384886
333384885
333384884
333384883
333384882
333384881
333384880
333384879
333384878
333384877
333384876
333384875
333384874
333384873
333384872
333384871
333384870
333384869
333384868
333384867
333384866
333384865
333384864
333384863
333384862
333384861
333384860
333384859
333384858
333384857
333384856
333384855
333384854
333384853
333384852
333384851
333384850
333384849
333384848
333384847
333384846
333384845
333384844
333384843
333384842
333384841
333384840
333384839
333384838
333384837
333384836
333384835
333384834
333384833
333384832
333384831
333384830
333384829
333384828
333384827
333384826
333384825
333384824
333384823
333384822
333384821
333384820
333384819
333384818
333384817
333384816
333384815
333384814
333384813
333384812
333384811
333384810
333384809
333384808
333384807
333384806
333384805
333384804
333384803
333384802
333384801
333384800
333384799
333384798
333384797
333384796
333384795
333384794
333384793
333384792
333384791
333384790
333384789
333384788
333384787
333384786
333384785
333384784
333384783
333384782
333384781
333384780
333384779
333384778
333384777
333384776
333384775
333384774
333384773
333384772
333384771
333384770
333384769
333384768
333384767
333384766
333384765
333384764
333384763
333384762
333384761
333384760
333384759
333384758
333384757
333384756
333384755
333384754
333384753
333384752
333384751
333384750
333384749
333384748
333384747
333384746
333384745
333384744
333384743
333384742
333384741
333384740
333384739
333384738
333384737
333384736
333384735
333384734
333384733
333384732
333384731
333384730
333384729
333384728
333384727
333384726
333384725
333384724
333384723
333384722
333384721
333384720
333384719
333384718
333384717
333384716
333384715
333384714
333384713
333384712
333384711
333384710
333384709
333384708
333384707
333384706
333384705
333384704
333384703
333384702
333384701
333384700
333384699
333384698
333384697
333384696
333384695
333384694
333384693
333384692
333384691
333384690
333384689
333384688
333384687
333384686
333384685
333384684
333384683
333384682
333384681
333384680
333384679
333384678
333384677
333384676
333384675
333384674
333384673
333384672
333384671
333384670
333384669
333384668
333384667
333384666
333384665
333384664
333384663
333384662
333384661
333384660
333384659
333384658
333384657
333384656
333384655
333384654
333384653
333384652
333384651
333384650
333384649
333384648
333384647
333384646
333384645
333384644
333384643
333384642
333384641
333384640
333384639
333384638
333384637
333384636
333384635
333384634
333384633
333384632
333384631
333384630
333384629
333384628
333384627
333384626
333384625
333384624
333384623
333384622
333384621
333384620
333384619
333384618
333384617
333384616
333384615
333384614
333384613
333384612
333384611
333384610
333384609
333384608
333384607
333384606
333384605
333384604
333384603
333384602
333384601
333384600
333384599
333384598
333384597
333384596
333384595
333384594
333384593
333384592
333384591
333384590
333384589
333384588
333384587
333384586
333384585
333384584
333384583
333384582
333384581
333384580
333384579
333384578
333384577
333384576
333384575
333384574
333384573
333384572
333384571
333384570
333384569
333384568
333384567
333384566
333384565
333384564
333384563
333384562
333384561
333384560
333384559
333384558
333384557
333384556
333384555
333384554
333384553
333384552
333384551
333384550
333384549
333384548
333384547
333384546
333384545
333384544
333384543
333384542
333384541
333384540
333384539
333384538
333384537
333384536
333384535
333384534
333384533
333384532
333384531
333384530
333384529
333384528
333384527
333384526
333384525
333384524
333384523
333384522
333384521
333384520
333384519
333384518
333384517
333384516
333384515
333384514
333384513
333384512
333384511
333384510
333384509
333384508
333384507
333384506
333384505
333384504
333384503
333384502
333384501
333384500
333384499
333384498
333384497
333384496
333384495
333384494
333384493
333384492
333384491
333384490
333384489
333384488
333384487
333384486
333384485
333384484
333384483
333384482
333384481
333384480
333384479
333384478
333384477
333384476
333384475
333384474
333384473
333384472
333384471
333384470
333384469
333384468
333384467
333384466
333384465
333384464
333384463
333384462
333384461
333384460
333384459
333384458
333384457